2015-11-10 09:38:24
15 classrooms
1 threads
0, 13, 9, 1, 8, 14, 7, 2, 3, 4, 11, 6, 10, 12, 5,  : 782.989290
Proc Changes      Paths    Pushes
  00     069   127065766    000
Time : 5.058193 seconds

=====================
2015-11-10 09:38:38
15 classrooms
1 threads
0, 13, 9, 1, 8, 14, 7, 2, 3, 4, 11, 6, 10, 12, 5,  : 782.989290
Proc Changes      Paths    Pushes
  00     069   127065766    000
Time : 5.159139 seconds

=====================
2015-11-10 09:38:49
15 classrooms
4 threads
0, 13, 9, 1, 8, 14, 7, 2, 3, 4, 11, 6, 10, 12, 5,  : 782.989290
Proc Changes      Paths    Pushes
  00     012   34594779    000
  01     023   26627906    000
  02     010   37586405    000
  03     028   28889109    000
Time : 5.326178 seconds

=====================
2015-11-10 09:38:56
15 classrooms
4 threads
0, 13, 9, 1, 8, 14, 7, 2, 3, 4, 11, 6, 10, 12, 5,  : 782.989290
Proc Changes      Paths    Pushes
  00     008   33653005    000
  01     025   26777057    000
  02     002   38055738    000
  03     030   29345095    000
Time : 5.292029 seconds

=====================
2015-11-10 09:39:35
15 classrooms
16 threads
0, 13, 9, 1, 8, 14, 7, 2, 3, 4, 11, 6, 10, 12, 5,  : 782.989290
Proc Changes      Paths    Pushes
  00     000    8013090    000
  01     002    7502105    000
  02     002    8024577    000
  03     000    7646025    000
  04     006    7908805    000
  05     002    7987373    000
  06     000    8949358    000
  07     005    9222836    000
  08     002    7251434    000
  09     001    7125833    000
  10     000    7946588    000
  11     000    8081762    000
  12     017    8071907    000
  13     001    7841238    000
  14     000    7643525    000
  15     000    7893912    000
Time : 2.508470 seconds

=====================
2015-11-10 09:39:38
15 classrooms
16 threads
0, 13, 9, 1, 8, 14, 7, 2, 3, 4, 11, 6, 10, 12, 5,  : 782.989290
Proc Changes      Paths    Pushes
  00     001    8450495    000
  01     000    8251188    000
  02     001    8820481    000
  03     000    8329426    000
  04     002    9168240    000
  05     026    8516482    000
  06     000   10157731    000
  07     000    9588634    000
  08     001    7155517    000
  09     000    6972851    000
  10     004    7159802    000
  11     002    6606576    000
  12     002    7016774    000
  13     000    6780909    000
  14     001    7349679    000
  15     000    6943980    000
Time : 2.740829 seconds

=====================
2015-11-10 09:39:41
15 classrooms
16 threads
0, 13, 9, 1, 8, 14, 7, 2, 3, 4, 11, 6, 10, 12, 5,  : 782.989290
Proc Changes      Paths    Pushes
  00     000    8058937    000
  01     000    7828790    000
  02     002    8576945    000
  03     000    7973050    000
  04     000    8120954    000
  05     002    7971165    000
  06     000    8539828    000
  07     004    8690840    000
  08     002    7642896    000
  09     001    8238824    000
  10     006    7386804    000
  11     000    7658560    000
  12     002    7260597    000
  13     002    7706476    000
  14     001    7832966    000
  15     017    7778436    000
Time : 2.509881 seconds

=====================
2015-11-10 09:39:43
15 classrooms
16 threads
0, 13, 9, 1, 8, 14, 7, 2, 3, 4, 11, 6, 10, 12, 5,  : 782.989290
Proc Changes      Paths    Pushes
  00     000    8506428    000
  01     000    7887535    000
  02     000    8657248    000
  03     002    8270565    000
  04     000    8334084    000
  05     000    8233038    000
  06     004    9141922    000
  07     001    9441090    000
  08     017    7200512    000
  09     008    7395008    000
  10     000    7288068    000
  11     000    7681009    000
  12     002    7325131    000
  13     000    7630699    000
  14     004    7173315    000
  15     000    7429641    000
Time : 2.499077 seconds

=====================
2015-11-10 09:39:46
15 classrooms
16 threads
0, 13, 9, 1, 8, 14, 7, 2, 3, 4, 11, 6, 10, 12, 5,  : 782.989290
Proc Changes      Paths    Pushes
  00     000    7593264    000
  01     000    8546766    000
  02     023    8788028    000
  03     000    8669458    000
  04     002    9088905    000
  05     000    9500299    000
  06     004    9300251    000
  07     002    9411619    000
  08     000    7017489    000
  09     001    7088274    000
  10     000    7043233    000
  11     002    7095580    000
  12     002    6890053    000
  13     001    6976945    000
  14     000    6906029    000
  15     001    7034146    000
Time : 3.012718 seconds

=====================
2015-11-10 09:39:53
15 classrooms
32 threads
0, 13, 9, 1, 8, 14, 7, 2, 3, 4, 11, 6, 10, 12, 5,  : 782.989290
Proc Changes      Paths    Pushes
  00     000    3710024    000
  01     000    3697583    000
  02     000    3875501    000
  03     000    3886325    000
  04     002    5038600    000
  05     000    3495901    000
  06     000    4041134    000
  07     005    4172260    000
  08     000    4144950    000
  09     000    3802018    000
  10     000    4094232    000
  11     000    4211708    000
  12     010    4023258    000
  13     001    4101981    000
  14     008    5744644    000
  15     001    4462523    000
  16     000    4356955    000
  17     000    5006506    000
  18     000    3291583    000
  19     000    3463130    000
  20     000    4300249    000
  21     002    3561966    000
  22     004    4876446    000
  23     000    4965966    000
  24     000    4373540    000
  25     006    3229265    000
  26     000    4079049    000
  27     000    3329976    000
  28     002    3474429    000
  29     000    4354819    000
  30     000    4288972    000
  31     001    3166494    000
Time : 2.816556 seconds

=====================
2015-11-10 09:39:56
15 classrooms
32 threads
0, 13, 9, 1, 8, 14, 7, 2, 3, 4, 11, 6, 10, 12, 5,  : 782.989290
Proc Changes      Paths    Pushes
  00     000    3102216    000
  01     001    3342682    000
  02     001    4271645    000
  03     000    3380461    000
  04     006    5269996    000
  05     000    3287962    000
  06     000    4415285    000
  07     000    3272452    000
  08     000    4363053    000
  09     000    3204867    000
  10     000    4345267    000
  11     000    3472658    000
  12     002    5544565    000
  13     005    4345356    000
  14     000    5846661    000
  15     000    4412665    000
  16     002    4862373    000
  17     007    4960138    000
  18     000    3732403    000
  19     006    3803154    000
  20     000    3603263    000
  21     000    3904778    000
  22     000    3635949    000
  23     001    4028218    000
  24     012    3570772    000
  25     000    3869804    000
  26     001    3603642    000
  27     000    3959674    000
  28     002    3682223    000
  29     000    3928710    000
  30     000    3739971    000
  31     000    3732722    000
Time : 2.869625 seconds

=====================
2015-11-10 09:39:59
15 classrooms
32 threads
0, 13, 9, 1, 8, 14, 7, 2, 3, 4, 11, 6, 10, 12, 5,  : 782.989290
Proc Changes      Paths    Pushes
  00     000    3829278    000
  01     001    3532909    000
  02     000    4434135    000
  03     000    3974289    000
  04     001    4310923    000
  05     013    3718528    000
  06     000    4405931    000
  07     000    3868137    000
  08     000    4487305    000
  09     000    3594367    000
  10     002    4482190    000
  11     000    3624302    000
  12     000    5538525    000
  13     000    3526767    000
  14     000    6235401    000
  15     001    4192073    000
  16     000    4297370    000
  17     000    5403383    000
  18     000    3738461    000
  19     005    4086371    000
  20     000    4023835    000
  21     008    4275951    000
  22     000    3591700    000
  23     000    3561914    000
  24     000    3706368    000
  25     000    3541370    000
  26     002    3793458    000
  27     012    3563069    000
  28     000    3828081    000
  29     000    3684117    000
  30     000    3827899    000
  31     000    3624975    000
Time : 2.998177 seconds

=====================
2015-11-10 09:40:02
15 classrooms
32 threads
0, 13, 9, 1, 8, 14, 7, 2, 3, 4, 11, 6, 10, 12, 5,  : 782.989290
Proc Changes      Paths    Pushes
  00     000    3372724    000
  01     010    3271713    000
  02     000    3401740    000
  03     000    4393158    000
  04     000    4893345    000
  05     002    3628783    000
  06     000    3724950    000
  07     000    3736227    000
  08     000    3691104    000
  09     000    3620040    000
  10     000    3796807    000
  11     000    4733497    000
  12     000    3656328    000
  13     000    4999758    000
  14     000    4943710    000
  15     001    4761158    000
  16     000    4934292    000
  17     001    5009778    000
  18     002    4273052    000
  19     000    3450912    000
  20     001    4592480    000
  21     008    3295365    000
  22     003    4181508    000
  23     000    4092986    000
  24     000    4152365    000
  25     013    3522954    000
  26     000    4403329    000
  27     000    3589121    000
  28     000    4432447    000
  29     000    3552059    000
  30     004    4309005    000
  31     000    3664170    000
Time : 2.791202 seconds

=====================
2015-11-10 09:40:43
15 classrooms
4 threads
0, 13, 9, 1, 8, 14, 7, 2, 3, 4, 11, 6, 10, 12, 5,  : 782.989290
Proc Changes      Paths    Pushes
  00     000   23640537    000
  01     022   37989679    000
  02     017   28013919    000
  03     031   37844124    000
Time : 5.185822 seconds

=====================
2015-11-10 09:40:50
15 classrooms
4 threads
0, 13, 9, 1, 8, 14, 7, 2, 3, 4, 11, 6, 10, 12, 5,  : 782.989290
Proc Changes      Paths    Pushes
  00     019   26669545    000
  01     007   37193269    000
  02     017   27450133    000
  03     018   36590673    000
Time : 5.159008 seconds

=====================
