2015-11-08 04:03:10
15 classrooms
4 threads
0, 13, 9, 1, 8, 14, 7, 2, 3, 4, 11, 6, 10, 12, 5,  : 782.989290
Proc Changes      Paths    Pushes
  00     000   22644248    4697
  01     000   23106145    17592
  02     000   22770682    5973
  03     000   23238990    5510
Time : 13.394638 seconds

=====================
2015-11-08 04:03:23
15 classrooms
4 threads
0, 13, 9, 1, 8, 14, 7, 2, 3, 4, 11, 6, 10, 12, 5,  : 782.989290
Proc Changes      Paths    Pushes
  00     000   22262209    4841
  01     000   23169676    4559
  02     000   23015814    5024
  03     000   23312366    15366
Time : 13.227731 seconds

=====================
2015-11-08 04:03:36
15 classrooms
4 threads
0, 13, 9, 1, 8, 14, 7, 2, 3, 4, 11, 6, 10, 12, 5,  : 782.989290
Proc Changes      Paths    Pushes
  00     000   22987670    6180
  01     000   23007463    22288
  02     000   22686414    6913
  03     000   23078518    7729
Time : 13.262665 seconds

=====================
2015-11-08 04:03:50
15 classrooms
4 threads
0, 13, 9, 1, 8, 14, 7, 2, 3, 4, 11, 6, 10, 12, 5,  : 782.989290
Proc Changes      Paths    Pushes
  00     000   22749743    9273
  01     000   22804901    5962
  02     000   23348721    5085
  03     000   22856700    18802
Time : 13.388226 seconds

=====================
2015-11-08 04:04:03
15 classrooms
4 threads
0, 13, 9, 1, 8, 14, 7, 2, 3, 4, 11, 6, 10, 12, 5,  : 782.989290
Proc Changes      Paths    Pushes
  00     000   22151607    2332
  01     000   22908824    2169
  02     000   22854745    2077
  03     000   23844889    7664
Time : 13.028322 seconds

=====================
2015-11-08 04:04:16
15 classrooms
4 threads
0, 13, 9, 1, 8, 14, 7, 2, 3, 4, 11, 6, 10, 12, 5,  : 782.989290
Proc Changes      Paths    Pushes
  00     000   22369603    4426
  01     000   23123449    4911
  02     000   23296948    16306
  03     000   22970065    7472
Time : 13.899332 seconds

=====================
2015-11-08 04:06:57
15 classrooms
16 threads
0, 13, 9, 1, 8, 14, 7, 2, 3, 4, 11, 6, 10, 12, 5,  : 782.989290
Proc Changes      Paths    Pushes
  00     000    4730880    711427
  01     000    5841597    889235
  02     000    4851222    717042
  03     000    4918624    744669
  04     000    6490959    1038612
  05     000    4823639    742157
  06     000    5774679    930763
  07     000    5854756    928938
  08     000    6359439    1014809
  09     000    6417057    1018481
  10     000    4936486    758858
  11     000    7129777    1166876
  12     000    4883836    762235
  13     000    7216879    1180000
  14     000    6643951    1070085
  15     000    4886284    747763
Time : 53.120004 seconds

=====================
2015-11-08 04:07:47
15 classrooms
16 threads
0, 13, 9, 1, 8, 14, 7, 2, 3, 4, 11, 6, 10, 12, 5,  : 782.989290
Proc Changes      Paths    Pushes
  00     000    6390821    967448
  01     000    5846474    868589
  02     000    6587555    957268
  03     000    5026757    732187
  04     000    4959657    793491
  05     000    6608287    996064
  06     000    5369623    869684
  07     000    5032263    800190
  08     000    5497584    889858
  09     000    5900311    960611
  10     000    5329618    859464
  11     000    6730647    995184
  12     000    6944770    1056576
  13     000    5599351    906771
  14     000    4626720    723537
  15     000    5309627    857677
Time : 49.989897 seconds

=====================
2015-11-08 04:08:40
15 classrooms
16 threads
0, 13, 9, 1, 8, 14, 7, 2, 3, 4, 11, 6, 10, 12, 5,  : 782.989290
Proc Changes      Paths    Pushes
  00     000    5589171    908104
  01     000    5620622    878791
  02     000    6156820    1013969
  03     000    6016486    983889
  04     000    6037904    986180
  05     000    5998467    982784
  06     000    6246104    1034722
  07     000    6525210    1080672
  08     000    5250675    878053
  09     000    5243680    867332
  10     000    5415283    904203
  11     000    6434973    1069366
  12     000    5084176    843971
  13     000    5424348    907462
  14     000    5274476    884950
  15     000    5441670    905044
Time : 53.405116 seconds

=====================
2015-11-08 04:09:32
15 classrooms
16 threads
0, 13, 9, 1, 8, 14, 7, 2, 3, 4, 11, 6, 10, 12, 5,  : 782.989290
Proc Changes      Paths    Pushes
  00     000    6242032    975900
  01     000    5016674    732961
  02     000    6127440    940263
  03     000    5081180    710102
  04     000    4845266    715507
  05     000    4877251    738716
  06     000    5791386    898538
  07     000    4856703    722084
  08     000    6824965    1095967
  09     000    5607715    877965
  10     000    5508260    842292
  11     000    5631494    862468
  12     000    6186401    978435
  13     000    6849979    1098255
  14     000    6869248    1098443
  15     000    5444071    836393
Time : 52.056027 seconds

=====================
2015-11-08 04:10:22
15 classrooms
16 threads
0, 13, 9, 1, 8, 14, 7, 2, 3, 4, 11, 6, 10, 12, 5,  : 782.989290
Proc Changes      Paths    Pushes
  00     000    5681006    885882
  01     000    5208280    799789
  02     000    6243543    985146
  03     000    5618046    846555
  04     000    5287504    827584
  05     000    5140008    821303
  06     000    5279755    829444
  07     000    5105467    819065
  08     000    5183878    819516
  09     000    6223937    1013761
  10     000    5843300    945477
  11     000    6234254    1017410
  12     000    5916171    951920
  13     000    6598681    1091229
  14     000    5780125    918036
  15     000    6416110    1045166
Time : 50.310044 seconds

=====================
2015-11-08 04:11:14
15 classrooms
16 threads
0, 13, 9, 1, 8, 14, 7, 2, 3, 4, 11, 6, 10, 12, 5,  : 782.989290
Proc Changes      Paths    Pushes
  00     000    4467704    678169
  01     000    6243208    1031286
  02     000    5393103    870897
  03     000    5846360    959515
  04     000    5715782    914038
  05     000    6756381    1090820
  06     000    6630902    1062550
  07     000    4994887    787710
  08     000    4717111    748906
  09     000    4857588    759458
  10     000    5513442    886807
  11     000    5550870    897022
  12     000    5537725    890184
  13     000    7260100    1185213
  14     000    5682026    922747
  15     000    6592876    1063778
Time : 51.404880 seconds

=====================
2015-11-08 04:13:07
15 classrooms
16 threads
0, 13, 9, 1, 8, 14, 7, 2, 3, 4, 11, 6, 10, 12, 5,  : 782.989290
Proc Changes      Paths    Pushes
  00     000    6308634    1018225
  01     000    7186856    1147572
  02     000    4838316    717685
  03     000    7578632    1229324
  04     000    4614153    741666
  05     000    4494665    708800
  06     000    6653575    1060851
  07     000    5936631    927422
  08     000    4739957    751045
  09     000    7082878    1127726
  10     000    4893295    784399
  11     000    4840311    781362
  12     000    7126898    1125090
  13     000    4586420    728256
  14     000    5459470    887711
  15     000    5419374    884444
Time : 52.308495 seconds

=====================
2015-11-08 04:13:57
15 classrooms
16 threads
0, 13, 9, 1, 8, 14, 7, 2, 3, 4, 11, 6, 10, 12, 5,  : 782.989290
Proc Changes      Paths    Pushes
  00     000    5535478    835333
  01     000    6492175    1011050
  02     000    6224912    934173
  03     000    6437023    996682
  04     000    5278860    852398
  05     000    5935445    954352
  06     000    6515235    1027616
  07     000    6274260    1017375
  08     000    5350250    828592
  09     000    5461824    889452
  10     000    5563936    857471
  11     000    5398209    866420
  12     000    5383372    830431
  13     000    5059233    809005
  14     000    5143739    827937
  15     000    5706114    876269
Time : 50.055396 seconds

=====================
2015-11-08 04:14:47
15 classrooms
16 threads
0, 13, 9, 1, 8, 14, 7, 2, 3, 4, 11, 6, 10, 12, 5,  : 782.989290
Proc Changes      Paths    Pushes
  00     000    4593850    672301
  01     000    7323448    1087227
  02     000    5084496    738457
  03     000    4768581    698610
  04     000    4824419    735583
  05     000    6017800    923081
  06     000    6639252    1041273
  07     000    5462746    843274
  08     000    4837758    739300
  09     000    7176175    1139871
  10     000    6957716    1091005
  11     000    5292380    825298
  12     000    7116194    1131658
  13     000    5385724    831562
  14     000    5260210    805927
  15     000    5019316    762200
Time : 49.990790 seconds

=====================
2015-11-08 04:15:38
15 classrooms
16 threads
0, 13, 9, 1, 8, 14, 7, 2, 3, 4, 11, 6, 10, 12, 5,  : 782.989290
Proc Changes      Paths    Pushes
  00     000    5169076    801095
  01     000    5547742    853308
  02     000    5188026    779007
  03     000    5182062    783517
  04     000    7032070    1156963
  05     000    5036970    819938
  06     000    5835358    948657
  07     000    6643570    1088247
  08     000    5145329    789002
  09     000    6613441    1097928
  10     000    5224743    813693
  11     000    5253498    821869
  12     000    5242463    834776
  13     000    6699786    1114169
  14     000    5917279    938724
  15     000    6028652    986604
Time : 51.300129 seconds

=====================
2015-11-08 04:16:28
15 classrooms
16 threads
0, 13, 9, 1, 8, 14, 7, 2, 3, 4, 11, 6, 10, 12, 5,  : 782.989290
Proc Changes      Paths    Pushes
  00     000    6346424    974493
  01     000    8476391    1262210
  02     000    4689298    667754
  03     000    5475133    799021
  04     000    7997171    1220622
  05     000    8066434    1232626
  06     000    4917964    759742
  07     000    4562963    686049
  08     000    7909720    1211485
  09     000    4493981    674450
  10     000    4244424    629423
  11     000    4610785    692889
  12     000    4137602    607501
  13     000    5302714    822988
  14     000    5246102    813387
  15     000    5282959    825793
Time : 49.355676 seconds

=====================
2015-11-08 04:17:16
15 classrooms
16 threads
0, 13, 9, 1, 8, 14, 7, 2, 3, 4, 11, 6, 10, 12, 5,  : 782.989290
Proc Changes      Paths    Pushes
  00     000    6368718    967717
  01     000    6181066    925017
  02     000    5199705    742106
  03     000    6222552    888457
  04     000    6102154    948554
  05     000    5879277    872663
  06     000    4725415    718623
  07     000    5778966    852493
  08     000    5663182    874839
  09     000    5699230    881961
  10     000    5136367    726227
  11     000    5404792    791658
  12     000    5114230    787042
  13     000    5941353    927360
  14     000    6324612    995626
  15     000    6018446    936733
Time : 48.097731 seconds

=====================
2015-11-08 04:17:36
15 classrooms
4 threads
0, 13, 9, 1, 8, 14, 7, 2, 3, 4, 11, 6, 10, 12, 5,  : 782.989290
Proc Changes      Paths    Pushes
  00     000   22316244    5883
  01     000   23129843    21203
  02     000   23228879    6067
  03     000   23085099    6247
Time : 11.411041 seconds

=====================
2015-11-08 04:17:47
15 classrooms
4 threads
0, 13, 9, 1, 8, 14, 7, 2, 3, 4, 11, 6, 10, 12, 5,  : 782.989290
Proc Changes      Paths    Pushes
  00     000   22331637    5184
  01     000   23072739    5577
  02     000   23250946    18510
  03     000   23104743    5053
Time : 10.952974 seconds

=====================
2015-11-08 04:17:58
15 classrooms
4 threads
0, 13, 9, 1, 8, 14, 7, 2, 3, 4, 11, 6, 10, 12, 5,  : 782.989290
Proc Changes      Paths    Pushes
  00     000   22182960    6462
  01     000   22789488    5335
  02     000   23114902    20417
  03     000   23672715    6436
Time : 11.158015 seconds

=====================
2015-11-08 04:18:10
15 classrooms
4 threads
0, 13, 9, 1, 8, 14, 7, 2, 3, 4, 11, 6, 10, 12, 5,  : 782.989290
Proc Changes      Paths    Pushes
  00     000   22498915    5781
  01     000   22966983    4801
  02     000   23300811    18138
  03     000   22993356    5228
Time : 11.557982 seconds

=====================
2015-11-08 04:18:21
15 classrooms
4 threads
0, 13, 9, 1, 8, 14, 7, 2, 3, 4, 11, 6, 10, 12, 5,  : 782.989290
Proc Changes      Paths    Pushes
  00     000   22808472    5824
  01     000   22753173    6271
  02     000   23122992    19134
  03     000   23075428    6175
Time : 11.149280 seconds

=====================
2015-11-08 04:18:32
15 classrooms
4 threads
0, 13, 9, 1, 8, 14, 7, 2, 3, 4, 11, 6, 10, 12, 5,  : 782.989290
Proc Changes      Paths    Pushes
  00     000   22514271    3333
  01     000   22704836    2951
  02     000   23062410    3048
  03     000   23478548    10569
Time : 11.194682 seconds

=====================
2015-11-08 04:46:34
15 classrooms
32 threads
0, 13, 9, 1, 8, 14, 7, 2, 3, 4, 11, 6, 10, 12, 5,  : 782.989290
Proc Changes      Paths    Pushes
  00     000    1064784    7658
  01     000    1280125    9890
  02     000    1105922    8032
  03     000    1058870    9025
  04     000    1117243    9801
  05     000    1127025    10611
  06     000    1034059    7604
  07     000    1100063    9877
  08     000    1029405    7774
  09     000    1129742    10198
  10     000    1097313    9497
  11     000    1143734    10460
  12     000     904631    10250
  13     000    1048286    11010
  14     000     917571    8366
  15     000    1036746    10912
  16     000     957036    9126
  17     000    1009120    10109
  18     000    1049853    10684
  19     000     899471    9180
  20     000    1019579    10967
  21     000     845533    9510
  22     000     862665    9048
  23     000     908458    9164
  24     000     770453    6818
  25     000     776784    7428
  26     000     791121    7170
  27     000     862179    8848
  28     000    1082455    10168
  29     000     977480    7515
  30     000    1139235    9825
  31     000     979251    5161
Time : 1.514852 seconds

=====================
2015-11-08 05:01:08
15 classrooms
1 threads
0, 13, 9, 1, 8, 14, 7, 2, 3, 4, 11, 6, 10, 12, 5,  : 782.989290
Proc Changes      Paths    Pushes
  00     000   91760065    000
Time : 44.650758 seconds

=====================
2015-11-08 05:01:09
15 classrooms
1 threads
0, 13, 9, 1, 8, 14, 7, 2, 3, 4, 11, 6, 10, 12, 5,  : 782.989290
Proc Changes      Paths    Pushes
  00     000   91760065    000
Time : 44.578252 seconds

=====================
2015-11-08 05:01:53
15 classrooms
1 threads
0, 13, 9, 1, 8, 14, 7, 2, 3, 4, 11, 6, 10, 12, 5,  : 782.989290
Proc Changes      Paths    Pushes
  00     000   91760065    000
Time : 44.643844 seconds

=====================
2015-11-08 05:01:53
15 classrooms
1 threads
0, 13, 9, 1, 8, 14, 7, 2, 3, 4, 11, 6, 10, 12, 5,  : 782.989290
Proc Changes      Paths    Pushes
  00     000   91760065    000
Time : 44.575405 seconds

=====================
2015-11-08 05:02:38
15 classrooms
1 threads
0, 13, 9, 1, 8, 14, 7, 2, 3, 4, 11, 6, 10, 12, 5,  : 782.989290
Proc Changes      Paths    Pushes
  00     000   91760065    000
Time : 44.654624 seconds

=====================
2015-11-08 05:02:38
15 classrooms
1 threads
0, 13, 9, 1, 8, 14, 7, 2, 3, 4, 11, 6, 10, 12, 5,  : 782.989290
Proc Changes      Paths    Pushes
  00     000   91760065    000
Time : 44.557285 seconds

=====================
2015-11-08 05:03:47
15 classrooms
16 threads
0, 13, 9, 1, 8, 14, 7, 2, 3, 4, 11, 6, 10, 12, 5,  : 782.989290
Proc Changes      Paths    Pushes
  00     000    4360458    679573
  01     000    9251149    1503102
  02     000    4449003    677446
  03     000    4869795    756203
  04     000    8317492    1359767
  05     000    5450450    853081
  06     000    4465876    712272
  07     000    4601977    745836
  08     000    4266035    680129
  09     000    4852315    770469
  10     000    4046197    634251
  11     000    8683511    1422068
  12     000    3838277    589218
  13     000    8799361    1451057
  14     000    3908744    609974
  15     000    7599425    1235505
Time : 50.379019 seconds

=====================
2015-11-08 05:04:35
15 classrooms
16 threads
0, 13, 9, 1, 8, 14, 7, 2, 3, 4, 11, 6, 10, 12, 5,  : 782.989290
Proc Changes      Paths    Pushes
  00     000    6516957    1043744
  01     000    6691408    1070005
  02     000    4976396    712432
  03     000    5030383    766467
  04     000    4670405    695040
  05     000    4710333    729538
  06     000    4690030    702327
  07     000    8068968    1318338
  08     000    4715413    707346
  09     000    6762029    1084038
  10     000    5360834    831641
  11     000    5391731    831085
  12     000    4784160    741939
  13     000    6316110    1009621
  14     000    7680422    1256864
  15     000    5394486    841789
Time : 47.972539 seconds

=====================
2015-11-08 05:05:23
15 classrooms
16 threads
0, 13, 9, 1, 8, 14, 7, 2, 3, 4, 11, 6, 10, 12, 5,  : 782.989290
Proc Changes      Paths    Pushes
  00     000    5141689    794353
  01     000    6160360    927578
  02     000    5580159    853688
  03     000    6083376    945876
  04     000    5394704    831081
  05     000    6022409    955624
  06     000    5947548    950381
  07     000    5786691    906589
  08     000    5932717    924527
  09     000    5997609    950373
  10     000    5596056    874260
  11     000    5844804    910287
  12     000    5843627    913324
  13     000    5818050    919921
  14     000    5423583    836830
  15     000    5186683    796187
Time : 47.536594 seconds

=====================
2015-11-08 05:06:13
15 classrooms
16 threads
0, 13, 9, 1, 8, 14, 7, 2, 3, 4, 11, 6, 10, 12, 5,  : 782.989290
Proc Changes      Paths    Pushes
  00     000    5238562    828592
  01     000    6926547    1115507
  02     000    6650825    1051457
  03     000    5572091    837454
  04     000    5288526    868395
  05     000    6353621    1033105
  06     000    5103068    828702
  07     000    5156735    845068
  08     000    6557827    1061497
  09     000    6828197    1110634
  10     000    4800100    776266
  11     000    4826649    792661
  12     000    6867717    1130467
  13     000    4805815    789782
  14     000    5720116    926898
  15     000    5063669    829390
Time : 50.264039 seconds

=====================
2015-11-08 05:07:02
15 classrooms
16 threads
0, 13, 9, 1, 8, 14, 7, 2, 3, 4, 11, 6, 10, 12, 5,  : 782.989290
Proc Changes      Paths    Pushes
  00     000    5681786    884772
  01     000    6186442    910271
  02     000    5687288    871766
  03     000    5620056    850103
  04     000    5671186    880491
  05     000    5710789    890567
  06     000    5852051    918990
  07     000    5876165    933465
  08     000    5494972    846511
  09     000    5673196    893847
  10     000    5498318    843792
  11     000    5569820    871116
  12     000    5693286    898142
  13     000    5626581    875329
  14     000    5579070    856640
  15     000    6339059    1010123
Time : 48.577556 seconds

=====================
2015-11-08 05:07:51
15 classrooms
16 threads
0, 13, 9, 1, 8, 14, 7, 2, 3, 4, 11, 6, 10, 12, 5,  : 782.989290
Proc Changes      Paths    Pushes
  00     000    5327843    813782
  01     000    6392293    984883
  02     000    5578105    838443
  03     000    6867968    1081486
  04     000    5331361    839551
  05     000    6457338    1047426
  06     000    5289439    821577
  07     000    6339346    1015559
  08     000    4939945    768665
  09     000    6146750    987287
  10     000    5062464    793230
  11     000    6052421    972784
  12     000    5133954    794100
  13     000    5293183    829339
  14     000    5215981    805696
  15     000    6331674    1018085
Time : 48.848270 seconds

=====================
2015-11-08 05:08:20
15 classrooms
4 threads
0, 13, 9, 1, 8, 14, 7, 2, 3, 4, 11, 6, 10, 12, 5,  : 782.989290
Proc Changes      Paths    Pushes
  00     000   22177602    4105
  01     000   22934860    4298
  02     000   23104512    4642
  03     000   23543091    15180
Time : 11.719291 seconds

=====================
2015-11-08 05:08:31
15 classrooms
4 threads
0, 13, 9, 1, 8, 14, 7, 2, 3, 4, 11, 6, 10, 12, 5,  : 782.989290
Proc Changes      Paths    Pushes
  00     000   22576698    2942
  01     000   22790500    3571
  02     000   23366490    12473
  03     000   23026377    5043
Time : 11.625527 seconds

=====================
2015-11-08 05:08:43
15 classrooms
4 threads
0, 13, 9, 1, 8, 14, 7, 2, 3, 4, 11, 6, 10, 12, 5,  : 782.989290
Proc Changes      Paths    Pushes
  00     000   22665887    6997
  01     000   23465428    6345
  02     000   23032595    24245
  03     000   22596155    7153
Time : 11.667491 seconds

=====================
2015-11-08 05:08:53
15 classrooms
1 threads
0, 13, 9, 1, 8, 14, 7, 2, 3, 4, 11, 6, 10, 12, 5,  : 782.989290
Proc Changes      Paths    Pushes
  00     000   91760065    000
Time : 44.756206 seconds

=====================
2015-11-08 05:08:54
15 classrooms
4 threads
0, 13, 9, 1, 8, 14, 7, 2, 3, 4, 11, 6, 10, 12, 5,  : 782.989290
Proc Changes      Paths    Pushes
  00     000   22575468    5681
  01     000   22998447    6928
  02     000   23240960    22067
  03     000   22945190    6531
Time : 11.076178 seconds

=====================
2015-11-08 05:09:05
15 classrooms
4 threads
0, 13, 9, 1, 8, 14, 7, 2, 3, 4, 11, 6, 10, 12, 5,  : 782.989290
Proc Changes      Paths    Pushes
  00     000   22730055    2572
  01     000   23730911    7524
  02     000   22608197    1902
  03     000   22690902    2872
Time : 11.447881 seconds

=====================
2015-11-08 05:09:17
15 classrooms
4 threads
0, 13, 9, 1, 8, 14, 7, 2, 3, 4, 11, 6, 10, 12, 5,  : 782.989290
Proc Changes      Paths    Pushes
  00     000   22718862    5971
  01     000   23184316    5819
  02     000   22906281    5819
  03     000   22950606    19893
Time : 11.721486 seconds

=====================
2015-11-08 05:09:38
15 classrooms
1 threads
0, 13, 9, 1, 8, 14, 7, 2, 3, 4, 11, 6, 10, 12, 5,  : 782.989290
Proc Changes      Paths    Pushes
  00     000   91760065    000
Time : 44.752097 seconds

=====================
2015-11-08 05:10:23
15 classrooms
1 threads
0, 13, 9, 1, 8, 14, 7, 2, 3, 4, 11, 6, 10, 12, 5,  : 782.989290
Proc Changes      Paths    Pushes
  00     000   91760065    000
Time : 44.721492 seconds

=====================
2015-11-08 05:10:24
15 classrooms
1 threads
0, 13, 9, 1, 8, 14, 7, 2, 3, 4, 11, 6, 10, 12, 5,  : 782.989290
Proc Changes      Paths    Pushes
  00     000   91760065    000
Time : 44.617561 seconds

=====================
2015-11-08 05:11:09
15 classrooms
1 threads
0, 13, 9, 1, 8, 14, 7, 2, 3, 4, 11, 6, 10, 12, 5,  : 782.989290
Proc Changes      Paths    Pushes
  00     000   91760065    000
Time : 44.747533 seconds

=====================
2015-11-08 05:11:54
15 classrooms
1 threads
0, 13, 9, 1, 8, 14, 7, 2, 3, 4, 11, 6, 10, 12, 5,  : 782.989290
Proc Changes      Paths    Pushes
  00     000   91760065    000
Time : 44.685542 seconds

=====================
2015-11-08 06:56:30
15 classrooms
32 threads
0, 13, 9, 1, 8, 14, 7, 2, 3, 4, 11, 6, 10, 12, 5,  : 782.989290
Proc Changes      Paths    Pushes
  00     000    7717079    001
  01     000    4666069    001
  02     000    1258826    000
  03     000     683024    000
  04     000     786498    002
  05     000     555657    000
  06     000    1061251    000
  07     000     601447    000
  08     000    1316621    001
  09     000    2876851    002
  10     000     812785    000
  11     000     694519    001
  12     000    4984707    001
  13     000    1402042    002
  14     000     579937    002
  15     000     695619    000
  16     000     667095    000
  17     000    5568545    001
  18     000     553169    001
  19     000    5598630    001
  20     000    5290329    003
  21     000    1732964    000
  22     000    5205463    003
  23     000    1043581    000
  24     000     562119    000
  25     000    4381510    001
  26     000    1615706    000
  27     000    1625149    001
  28     000     709427    000
  29     000    1603095    001
  30     000     636138    000
  31     000    5500842    001
Time : 4.467324 seconds

=====================
2015-11-08 06:56:50
15 classrooms
32 threads
0, 13, 9, 1, 8, 14, 7, 2, 3, 4, 11, 6, 10, 12, 5,  : 782.989290
Proc Changes      Paths    Pushes
  00     000    2335770    10747
  01     000    1176871    12268
  02     000     883641    9720
  03     000    1088734    12968
  04     000    1008722    10831
  05     000    1040373    12171
  06     000    1003997    11419
  07     000    1101178    11656
  08     000    3023752    14810
  09     000    1249075    14462
  10     000    2746599    12616
  11     000    2920559    12876
  12     000     830479    9515
  13     000     860470    11653
  14     000     743172    8595
  15     000    2461836    12790
  16     000     803924    11941
  17     000    2575437    13483
  18     000     970516    11770
  19     000     749837    9499
  20     000    1037937    9474
  21     000     750258    9124
  22     000    2380359    11853
  23     000     918830    12774
  24     000     818834    10499
  25     000    2596225    10960
  26     000    2509861    11535
  27     000    2441303    11327
  28     000    1144184    12562
  29     000    1085998    12171
  30     000    1056021    10348
  31     000     879089    6521
Time : 2.343568 seconds

=====================
2015-11-08 06:56:59
15 classrooms
32 threads
0, 13, 9, 1, 8, 14, 7, 2, 3, 4, 11, 6, 10, 12, 5,  : 782.989290
Proc Changes      Paths    Pushes
  00     000     629434    000
  01     000     667005    000
  02     000     617349    000
  03     000     702167    001
  04     000     629235    000
  05     000     634937    000
  06     000     465507    000
  07     000     542313    000
  08     000     684808    002
  09     000     468586    000
  10     000     786496    002
  11     000     841794    000
  12     000     609064    000
  13     000     498769    000
  14     000     431993    000
  15     000     562973    000
  16     000     517442    000
  17     000     360697    000
  18     000     539786    000
  19     000     504754    000
  20     000     406109    000
  21     000     517238    000
  22     000     482503    001
  23     000     418968    000
  24     000     323631    000
  25     000     504557    000
  26     000     474331    000
  27     000     479817    000
  28     000     671815    000
  29     000     658857    000
  30     000     649862    000
  31     000     676038    001
Time : 0.795275 seconds

=====================
2015-11-08 06:57:25
15 classrooms
32 threads
0, 13, 9, 1, 8, 14, 7, 2, 3, 4, 11, 6, 10, 12, 5,  : 782.989290
Proc Changes      Paths    Pushes
  00     000    1646583    16588
  01     000    1613435    15686
  02     000    2284856    23573
  03     000    1732801    19400
  04     000    1608129    16518
  05     000    1526682    14569
  06     000    1557622    14906
  07     000    1543337    17079
  08     000    1694454    19854
  09     000    1861925    18826
  10     000    1626650    17386
  11     000    2266714    21006
  12     000    1278458    16312
  13     000    1511699    17343
  14     000    1612920    18753
  15     000    1622314    17845
  16     000    1438816    15515
  17     000    1688919    19047
  18     000    1696572    21176
  19     000    1272392    13583
  20     000    1311136    13910
  21     000    1297284    13643
  22     000    1325639    15149
  23     000    1297985    15547
  24     000    1352233    15607
  25     000    1355975    16669
  26     000    1439802    17344
  27     000    1410472    17478
  28     000    1559729    16475
  29     000    1612307    16417
  30     000    1668507    16573
  31     000    1427120    9765
Time : 2.564707 seconds

=====================
2015-11-08 06:57:44
15 classrooms
32 threads
0, 13, 9, 1, 8, 14, 7, 2, 3, 4, 11, 6, 10, 12, 5,  : 782.989290
Proc Changes      Paths    Pushes
  00     000    3941289    15980
  01     000    4250590    16205
  02     000    1098168    10745
  03     000    3678390    13800
  04     000    1047908    9752
  05     000    1222550    13253
  06     000    1501377    13805
  07     000    1116123    11806
  08     000    1492862    11985
  09     000    1194715    12501
  10     000    1318662    13868
  11     000    1266744    11435
  12     000    1017823    11334
  13     000    1045776    11590
  14     000    1149563    11889
  15     000    3201041    15620
  16     000    1384405    11275
  17     000    2155011    15297
  18     000    1177008    12909
  19     000    2928662    13161
  20     000    1340665    14239
  21     000     906891    10370
  22     000    1170284    12307
  23     000    1319880    12216
  24     000    3055590    12437
  25     000    3051745    13127
  26     000     936246    10366
  27     000     975903    10140
  28     000    1178079    12374
  29     000    3345206    13880
  30     000    3112281    14010
  31     000     949908    7078
Time : 3.202423 seconds

=====================
